Location 0.0 4.960037877420305 9.92007575484061 14.880113632260915 19.84015150968122 24.800189387101526 29.76022726452183 34.720265141942136 39.68030301936244 44.640340896782746 49.60037877420305 54.560416651623356 59.52045452904366 64.48049240646397 69.44053028388427 74.40056816130458 79.36060603872488 84.32064391614519 89.28068179356549 94.2407196709858 99.2007575484061
2362.06054688 -0.0052716471447646915 0.047788512016170806 0.07970940028208383 0.10488951410584223 0.12905992208739062 0.15295552325763304 0.17497759423405645 0.1929860058064311 0.2053594895109231 0.21146233475094986 0.21165589702312274 0.20699329780659728 0.19873569667418203 0.18782851618352167 0.17447600010671843 0.1579524855566933 0.13678876956862568 0.10947195069486136 0.07579712617153415 0.03900932521529942 0.008874059008488942
2783.203125 -0.01311414310665562 0.05442681041932043 0.1006129362738591 0.13477066625023995 0.16188263997222282 0.18414857817247496 0.20216701687177768 0.21578474454928107 0.22466078439407897 0.22859176372837497 0.22764551269250785 0.22214973428211177 0.21258258782767117 0.1994120280067645 0.18293074147923052 0.16313352323556451 0.13968393474879864 0.11201708602012317 0.07962538360855867 0.04257408673489871 0.0022935135502319733
2966.30859375 -0.01533578849031531 0.05501017532357092 0.11031389676112277 0.1534066350313938 0.18663510764874092 0.21186965695320492 0.23053207143154425 0.24363917893960496 0.2518583289267139 0.2555708807627774 0.25493981526877235 0.24997758655131314 0.24061033124197906 0.22673455224208786 0.20826239407359953 0.18515162693683454 0.15741645657569403 0.1251152770510602 0.08831148352307022 0.04700346214294291 0.0010198741550424533
3680.41992188 -0.012346017155327094 0.06438208372988503 0.12348841393807058 0.17059831814914375 0.20881542295402972 0.23965536630646397 0.26374039402685245 0.28128614850951666 0.2924119747846492 0.2973060690863046 0.29627679507774973 0.28972149288549903 0.2780441060933586 0.2615529518478064 0.2403699592260287 0.2143827010179444 0.18327054407353174 0.1466362433667973 0.10427430492769552 0.056607442793337466 0.005322455129804065
4449.46289063 -0.00873631581165051 0.08553893553327441 0.15657658965076124 0.2135570271067963 0.2609877952718343 0.30054585616928986 0.33243114639931715 0.3562971908509384 0.3718245119155834 0.3790025759151011 0.37818601845730254 0.369990890432099 0.35509666636129505 0.3340197568150968 0.30692426660840066 0.27353574048991747 0.23322363803719 0.1853182794706004 0.12972800409934782 0.06792228311256916 0.004346528428551924
4870.60546875 -0.010302209128197707 0.08960098701907819 0.16907911645830398 0.232002324861902 0.2815913015898366 0.32035380967318366 0.3500909087226664 0.3719588502722961 0.386572625068259 0.3941371418131925 0.39459201687598655 0.3877559544772561 0.37345669686062216 0.35163252395994277 0.32239128207263545 0.2860129210492319 0.24288151950930412 0.19333277759390197 0.13740295676465109 0.07446524615963555 0.0027395350162289327
5346.6796875 -0.006542033863170259 0.10167608117447961 0.1862702552126936 0.25614121154357566 0.3152588849976004 0.36474263146343044 0.40436535162862325 0.4335609117292298 0.4520142440962927 0.4599135102872433 0.4579437095902074 0.4471011156892184 0.4284079242783473 0.4026064944127504 0.36991256638463815 0.3299068389121778 0.28164428842931954 0.22406061326456694 0.1567551854966611 0.08122989327527359 0.0026632563945511384
5657.95898438 -0.005112652924732644 0.10989067497133631 0.20328852784572615 0.2803615492387747 0.34409060125348273 0.39600743975522895 0.4368248595143733 0.46687589838885796 0.48639168964391594 0.49564755150599826 0.4950069030480285 0.4848925955030959 0.46571524810369586 0.43778817754362814 0.40125851015966607 0.3560840659300987 0.3020856033872626 0.23910401454118035 0.16729205891138554 0.08757022576409892 0.0022763136517929662
6188.96484375 -0.007300945416324514 0.11989432845195071 0.2196187620280598 0.3016480028843947 0.37063198564602 0.42816845435908646 0.47431810949728487 0.50863711710936 0.5308027176106985 0.5409076717220039 0.539499281058083 0.5274387208697463 0.5056564224418526 0.4748792426505035 0.43540515818240666 0.3870012219194278 0.3290005189913354 0.26067385999976644 0.18195194891644387 0.09457376315860334 0.003736883344675473
6500.24414063 -0.008022521958463102 0.12398991380285863 0.23319818959846475 0.32423588097025113 0.39996310690480524 0.4620261648345341 0.5112942478520751 0.5481874407910649 0.5729101918263397 0.5856044562466446 0.586436709052921 0.5756330230352554 0.5534764089815555 0.5202806146710345 0.47635457930557656 0.42197174003205656 0.35735838720868945 0.2827152650684911 0.19828661443290702 0.10449085412871277 0.002127097761223355
6976.31835938 -0.0006628740176983912 0.14383590849923789 0.26044753556605854 0.35687025891010743 0.4373280051859737 0.5038094318335753 0.5570047617871098 0.5969787677585613 0.6236182768194556 0.6368925660045511 0.6369650196611597 0.6241944192677823 0.5990642364457544 0.5620782998875901 0.5136612069257129 0.4541018504652693 0.383578432004694 0.30230333146777033 0.21082620457079992 0.11053367844863568 0.00438401626321962
7489.01367188 -0.006376439296907677 0.1519469683757513 0.2752097230467068 0.3767624021119377 0.46287734650953255 0.5355728533187989 0.5946900370921777 0.6393224934378152 0.6686988983706293 0.6826186769497261 0.6815408747200039 0.6664263654757941 0.6384335288643875 0.5985675313472845 0.5473833440370222 0.4848426309274231 0.41042464103510073 0.3235912379700966 0.22470620045342787 0.11650892729951419 0.006242680381196681
7800.29296875 -0.0036674040350188476 0.16014511049538258 0.2934370717637753 0.4050614664566746 0.499271901498877 0.5775935874848892 0.6401854165169302 0.6867633401046545 0.7171552527817415 0.7315575870944969 0.7305638256176138 0.7150351356522353 0.6858833322614761 0.6438363752985289 0.5892566060825248 0.5220819293772792 0.4419601463280653 0.3486466440115907 0.24273564725427174 0.12679523837400006 0.0069763505005426794
8111.57226563 -0.0032220021733611534 0.1704956750293776 0.3098746461517824 0.4270699389291799 0.5274455952916076 0.6123995278159237 0.6814158952622211 0.7334514374072701 0.7677622093877066 0.7842771557656939 0.7836249645297743 0.7669206412436351 0.7354182435555088 0.6901362162809357 0.6315617672715989 0.5595407242829723 0.4734593130534477 0.3728242968078037 0.25834791739753044 0.13364407829086364 0.007642209625347136
8367.91992188 -0.006776259089674243 0.17804353284744096 0.329134535432803 0.4557745800782553 0.5625823577172175 0.651369175757337 0.7224908278134712 0.7757690652666583 0.8110521596947288 0.8284840452202136 0.8285515298212028 0.8119790646508069 0.7795405604108842 0.731857739825671 0.6692545152609957 0.5917368805346982 0.4991678059639412 0.39170662569505327 0.2705824063615384 0.13927078611595212 0.005143773081267548
8660.88867188 -0.005858223556164334 0.18546530513308765 0.34377911156499597 0.4772269939610189 0.5899707921570126 0.6837422508466583 0.7589803831320541 0.8156120286889391 0.8535333008540147 0.8728496169418222 0.8739320060986482 0.8573473890009167 0.8237205237055343 0.7735853119596554 0.7072831602773201 0.624966090090457 0.526762291281677 0.4131618134063457 0.2856800889114018 0.14785698265838282 0.0066490620581103055
9338.37890625 -0.0043826993396402485 0.200872572734195 0.3701319714309327 0.5116753359298337 0.6301700667454717 0.727971695442892 0.8060899082345528 0.8648666136483061 0.9044126444556668 0.9248496840496282 0.9264040074612747 0.9093986272044409 0.8741904341376833 0.8210989235327986 0.7503730965391618 0.662243127233121 0.5571033854417191 0.4358734055299699 0.3005833913409772 0.15523084747811344 0.006954927118553871
9558.10546875 -0.002436572734847013 0.21455735262922568 0.3861593289397196 0.5311893947245903 0.6571958113511451 0.7653370625060548 0.8538913440146954 0.9205865831912071 0.9639440269106581 0.9838284375946983 0.9813979363020939 0.9586465321155205 0.917732377016022 0.8602847854364918 0.7868830576855894 0.6969001464334786 0.5889042054507247 0.4618110597918602 0.3169806366148216 0.16145039582783136 0.012498799754978319
9979.24804688 -0.003627614667271171 0.2225410483243128 0.4042466132446749 0.5576008643683187 0.6895680040124924 0.8017929220480753 0.8933754466895466 0.9627375203125146 1.0087302440472785 1.0311277348969032 1.0306547391282785 1.00869494568464 0.9668269433680315 0.9063347655401753 0.8278399660902331 0.7312021704179413 0.6158350451805614 0.48158463055220274 0.33031697874384863 0.16836204253274753 0.009960757549469637
10345.45898438 -0.0019992994747770085 0.23022479493972756 0.42442735682152655 0.5897413813701733 0.7304188024778481 0.8478674175070307 0.9421161360248964 1.0127911595696673 1.0596856995241581 1.0830058401717517 1.0833751540100347 1.061680676397339 1.0188428466074093 0.9555920223674483 0.872334174954765 0.7691883719272614 0.646278654563002 0.5043629170840911 0.34588139474008567 0.17650736782623228 0.007282688711656016
10473.6328125 -0.0049474097007212855 0.2432436450541436 0.447616299678037 0.6191008806400393 0.7636530619037224 0.8840022511876673 0.9809836475458896 1.0545061132381177 1.1042080028598777 1.1298530927023238 1.1315187533117754 1.1096285082188933 1.0648811218074596 0.9981283592926941 0.9102535617790684 0.8021031793675583 0.6745234052822744 0.5285540539864582 0.3658318262577082 0.1892551041925211 0.003962419109919777
10711.66992188 0.008930444753796483 0.2447960490047417 0.4678797498928663 0.6556168659255724 0.8034732081454524 0.9162034843771554 1.0016875827366216 1.0669792922009496 1.1162020180371592 1.1499260498881256 1.1656619403139339 1.1591045515869498 1.1257623285388325 1.0626063552577905 0.9693737534343367 0.8491599801537876 0.7079345829338456 0.5526149698053603 0.38733275223480546 0.20752721868648508 -0.00849950337717777
11334.22851563 -0.008282824159072702 0.256545639329662 0.4774263740015271 0.6668754486488816 0.8300143884373756 0.9677802228408449 1.0792292326228312 1.163063238837606 1.218507276823585 1.245667498162008 1.2454981435737693 1.2195064297272897 1.1693241929302858 1.0962751326783546 1.0010664980332211 0.8837340598035435 0.743969211501187 0.5819570420457829 0.3998542231904946 0.20403555464196305 0.008238009847001163
11645.5078125 -0.008472228301270597 0.2608938395594092 0.49101261890455533 0.6902169028673083 0.8617985399640334 1.006246156548704 1.122840909171836 1.2107031097690037 1.2693825666039569 1.2990854838913748 1.3006307630242773 1.27522854833112 1.224173860287608 1.1485481591082398 1.049021681642624 0.9258493945015893 0.7791534063381106 0.609584682208074 0.41945690293594934 0.21444531241029166 0.005943395734266992
11956.78710938 -0.01189285139691374 0.26405713402549036 0.5042813121096034 0.71321144237479 0.8927608183983827 1.0433851696015488 1.164856824104169 1.2567921130613664 1.3189719968943212 1.351495893828009 1.3548086911485004 1.3296409195924541 1.2769020712814496 1.1975670416137858 1.092595675526392 0.9629253985394775 0.8095769129965759 0.633912939912585 0.4380899868424931 0.22574312218336445 0.002943736322285395
12084.9609375 -0.014721158428713106 0.2783951519216476 0.5292155480233017 0.7464917878964225 0.9337946817265981 1.0917257155624265 1.2195226861243142 1.3161433844657031 1.3809113662279404 1.4138078462300228 1.4154937551344198 1.387145995930212 1.330191937974755 1.2460261863350965 1.1357936641703552 1.0003230458963057 0.8402945788733485 0.6567263313591456 0.4518629044670898 0.23055064587182203 0.002183403003115784
12579.34570313 -0.014154619731420754 0.29767393066007214 0.5589335017495327 0.7834164754150006 0.9768876263572989 1.1404912679361905 1.2732179747808055 1.37356231071943 1.4405029905737743 1.4739369043628017 1.4746984324612349 1.444295480257834 1.3844936608585483 1.2968800543796373 1.1825379723758802 1.041964155948945 0.8753598360810643 0.6834270847390262 0.46880188529375777 0.23825535080035667 0.00579451868389419
12963.8671875 -0.0166378692827146 0.30879324982276 0.580323484683055 0.8141887323293423 1.016818037089104 1.189052470509142 1.3291985587405089 1.435077819616112 1.5052339716517364 1.5394593772012346 1.538802281996635 1.5052164133039172 1.4410144989251905 1.3482872692780483 1.2284495047828252 1.0820746907885122 0.909179842268086 0.7101220605139579 0.4872683840644042 0.24760049609161072 0.006415850482022759
13275.14648438 -0.013459952246274822 0.31912537027250104 0.6034523090017696 0.8484731457154044 1.058360869326555 1.2344167278816938 1.3764796683384342 1.4839049505013737 1.5561792214902217 1.5932393371144522 1.595562216528754 1.5640930165435118 1.5000789119645892 1.4048757683366524 1.2797949934643076 1.1260578540852684 0.944924544069871 0.7380652905211129 0.5082407841495262 0.26035922029712244 0.0029772369846404207
13677.97851563 -0.012780097773947395 0.336995335654098 0.6300423452365909 0.882397882272569 1.1005293962121134 1.285418104971145 1.4355239233394546 1.5487858184743215 1.6238113614720675 1.6604092440098979 1.6596185290503784 1.6233884046008924 1.5540622095204402 1.4538195003661256 1.3242299282716727 1.1660726948503126 0.9795753561144508 0.7652257434043429 0.5253107703183079 0.26633589463661317 0.0024790042315943027
13769.53125 -0.015513059499164844 0.3398050577988182 0.6461768793591206 0.9114745820421657 1.139184695423465 1.3302112019088654 1.4842013146053186 1.600458841689378 1.6785100460156324 1.7183869087072938 1.7206927054711307 1.6865148043789797 1.6172495938580225 1.5144044496320572 1.379441649355949 1.2137291436855062 1.018663092524945 0.7960270751941916 0.5486528832582237 0.2814478047605963 0.0028533086035382356
14355.46875 -0.015070069087387037 0.35648568669663444 0.683420076332475 0.9685531076215877 1.2134531272316038 1.418831834484987 1.584865745311739 1.7114523567682012 1.7984092625240107 1.845624469719244 1.8531661675938107 1.821360198291136 1.7508434802381843 1.6426016345038712 1.497999064537912 1.3188097396921565 1.1072569329264503 0.8660701631010848 0.5985675922578737 0.3087721282919055 0.0015694834160215228
14355.46875 -0.012198356385934408 0.37696661827465805 0.714422575392436 1.0085491424934308 1.2627324574089425 1.477441440699174 1.6517580067617534 1.7844343578682051 1.8745505053714555 1.9218451623274295 1.9267931517738255 1.8905024749091317 1.8145041834149536 1.7005082001647351 1.550198232561937 1.365138922750742 1.146868378942377 0.8972492321001002 0.6191513622259216 0.3175394384921873 0.0010384174610137738
14703.36914063 -0.010594749439137635 0.38771624683384703 0.7366361414933816 1.041340726932141 1.3039838564257948 1.524936376989221 1.703705843678647 1.8395799836325757 1.9320368781443569 1.9809648310592614 1.9867348917889143 1.9501690012359487 1.8724467289217392 1.7549935696100682 1.599393767719589 1.4073706378179405 1.1808773494903824 0.9223411448757762 0.6351039571628261 0.3241023983393895 -0.003169915512280021
15435.79101563 -0.006843606100481725 0.4108430429567692 0.7844783979514807 1.1118476620572655 1.3924003557849212 1.6264382057671218 1.814556667093139 1.9573045051773155 2.055025863145018 2.1078492407197826 2.1157878105953887 2.0789154982765754 1.9975832513721223 1.8726399243240268 1.7056222045564928 1.4988780060284548 1.2555877561733646 0.9796480022099541 0.6753817628077227 0.3470400510908236 -0.001941005035875614
15893.5546875 -0.00859164139925694 0.4323474875733762 0.829441636823973 1.1791721205474734 1.4799952247079278 1.7315181750244297 1.9339090592932338 2.087510582954007 2.1926275368081485 2.249457855797105 2.2581371477486396 2.2188665709989657 2.1320939397987044 1.9987179364105954 1.8202853088068913 1.5991509328743885 1.3385706180350043 1.0426965351898903 0.7164451458949437 0.3652075116757225 -0.005628137610342528
16497.80273438 -0.0057990509104986 0.48788253999200915 0.9472203499327748 1.3563847866229544 1.708507641101041 2.002009240191073 2.237907136749973 2.4179796407335883 2.5436574941110126 2.6155169926567434 2.6332478576502685 2.595969160512637 2.5027666034095977 2.353324458850859 2.1485254713150734 1.8908920239300866 1.5847418732380367 1.2359317550748756 0.8510621645938975 0.4360166134627864 -0.006291332736109092
16314.69726563 -0.008886270244941423 0.5023295517751709 0.9754867298207439 1.3977527501576317 1.7625438550310506 2.067379250829105 2.312199265574654 2.4981042888413048 2.626471327189331 2.698405008217305 2.7144798663252336 2.674730743284997 2.5788481367138703 2.4265353295469283 2.21798413360414 1.9544260803478886 1.6387158919268041 1.2759040656015899 0.873755404648744 0.443170328837847 -0.001534202421634186
16754.15039063 -0.013050508202269665 0.5105836726815359 0.9991289836774931 1.4355079365200172 1.8116779944180619 2.125184346037673 2.376570623870134 2.5675454874540646 2.699802991919857 2.77439466232479 2.791551194247215 2.7508517011081732 2.6516384286887935 2.4935748573118808 2.2772451121559936 2.0046926021704685 1.6797958080596986 1.308379139804979 0.8979567841924923 0.4570074628155189 -0.006321978980500644
17065.4296875 -0.013014214335717778 0.5228358924790274 1.0238188275694744 1.4727425884955985 1.8607973031905425 2.1846541127432664 2.4442037308638045 2.640871354049971 2.7764445964743496 2.8523511236104144 2.8693226586166123 2.827382035497256 2.7260899730590564 2.5649882436821394 2.344175910924388 2.064955309977946 1.7304844449967305 1.346372477313768 0.9211549785672364 0.4665856227540022 -0.0023190087704748497
17266.84570313 -0.016577377227860714 0.5486021694915897 1.080983278679009 1.558287322622877 1.9697841121693747 2.312020634258613 2.5855702813476884 2.7926871436788603 2.9357499353511662 3.016380125153779 3.0351188431193945 2.9915471337559914 2.8847341269152227 2.713897697255796 2.4791621832601005 2.1822977367624063 1.8273258739469496 1.420875798774243 0.9721760697937665 0.49256618130156776 -0.005587370199059411
17358.3984375 -0.017745037667476017 0.5618525518978471 1.1103248475871588 1.6025941513950344 2.0266974399519495 2.3789152145603563 2.6600641122155753 2.8728216559524005 3.019951522858302 3.1032977080941344 3.123415963263243 3.0797108874698464 2.9709470494076093 2.796002518819316 2.5547331856684665 2.248816245363802 1.882441228377518 1.4627169525982782 0.9996627767595415 0.5056525332846422 -0.005820481111113666
17504.8828125 -0.022550101631795466 0.5752333697634073 1.1460319397965255 1.6569394150049788 2.093604567429036 2.4529375522389936 2.7376513211021543 2.952415567241108 3.101400738134825 3.1869896518140926 3.2094342527027653 3.1672350429563894 3.0580207252496794 2.879705592964359 2.631702203728895 2.3159668722616464 1.9376555184688637 1.50516740674913 1.0293543124557984 0.5216726514687642 -0.008943891172764822
17633.05664063 -0.021260336595901774 0.5948171925072392 1.1818070898888213 1.7074566184637407 2.1572375722341977 2.527606580622495 2.820891770964678 3.0416196159489006 3.1940957927824147 3.2810538808710663 3.3031857247951955 3.259367289365828 3.1473938335450464 2.9650382300144407 2.7112462571755014 2.387282690365922 1.9976420190755466 1.5505376169460845 1.0577831913381988 0.5338803392501669 -0.005873963628220156
12725.83007813 0.0273305965377865 0.6362638595038487 1.34275912617941 2.015845069177691 2.5823021270892608 3.0104381886722726 3.296548343663362 3.453881702429199 3.503938286678631 3.4699189934553867 3.3721516346313174 3.225316054120094 3.0372913250314157 2.8094480289855333 2.5382086198082026 2.217698873826045 1.8433134289819604 1.4160184149911546 0.947214176756985 0.4639810932674211 0.014531494191158564
8074.95117188 0.06127398556037397 0.6740411640488249 1.4471433630245218 2.196773978939194 2.8194132540063657 3.2697236684628344 3.542014727692357 3.6550468865488543 3.63994435321647 3.5309865149437774 3.359047727989408 3.1474552141165164 2.9100348059732903 2.6511142836968467 2.3672540450779174 2.050474851623381 1.6927523928543702 1.291548411176801 0.8561481296620423 0.4145737250746877 0.020843588484812152
6390.38085938 0.127782935131495 0.6685866951545442 1.5210626910203406 2.370575039852576 3.052904484251032 3.5064607500652665 3.7341879596400935 3.7741952096279765 3.67814442246339 3.496427580594274 3.269165452565661 3.0220599200505998 2.7661320149233686 2.5003777754702896 2.216374030832836 1.903866222778817 1.5563703738957808 1.1758213113026506 0.7752992549741086 0.3788668797730611 0.017548960285925896
6353.75976563 0.1343573275740139 0.6752208495299519 1.5419814247910537 2.408609077032217 3.104598589829605 3.565692891533905 3.794565717823531 3.830473674852221 3.726887825905359 3.5361149244794965 3.2999184166994646 3.045149335987449 2.7833972128984787 2.513671123036604 2.22712099596663 1.912809308034898 1.563543282014502 1.1807777164889632 0.7775985678885748 0.37879740809339063 0.01704688051943347
6445.3125 0.1387185378655701 0.6782654077204945 1.5601413321112956 2.4438817477699537 3.152221257520562 3.6189918272003134 3.847662386850107 3.879446576607928 3.769905377738171 3.572971369230092 3.331321350398422 3.0720240699194727 2.8063898017357882 2.532948508262515 2.2424833313284065 1.9240461512855584 1.570881954719289 1.1851887511934303 0.7806397794619322 0.38159474358293355 0.01792681936423153
