3020 5155
3021 5156
3022 5157
3023 5158
3024 5159
3025 5160
3026 5161
3027 5162
3028 5163
3029 5164
3030 5165
3031 5166
3032 5167
3033 5168
3034 5169
3035 5170
3036 5171
3037 5172
3038 5173
3039 5174
3040 5175
3041 5176
3042 5177
3043 5178
3044 5179
3045 5180
3046 5181
3047 5182
3048 5183
3049 5184
3050 5185
3051 5186
3052 5187
3053 5188
3054 5189
3055 5190
3056 5191
3057 5192
3058 5193
3059 5194
3060 5195
3061 5196
3062 5197
3063 5198
3064 5199
3065 5200
3066 5201
3067 5202
3068 5203
3069 5204
3070 5205
3072 5207
3073 5208
3074 5209
3075 5210
3076 5211
3077 5212
3078 5213
3079 5214
3080 5215
3081 5216
3082 5217
3083 5218
3084 5219
3085 5220
3086 5221
3087 5222
3088 5223
3089 5224
3090 5225
3091 5226
3092 5227
3093 5228
3094 5229
3095 5230
3096 5231
3097 5232
3098 5233
3099 5234
3100 5235
3101 5236
3102 5237
3103 5238
3104 5239
3105 5240
3106 5241
3107 5242
3108 5243
3109 5244
3110 5245
3111 5246
3112 5247
3113 5248
3114 5249
3115 5250
3116 5251
3117 5252
3118 5253
3119 5254
3120 5255
3121 5256
3122 5257
3123 5258
3124 5259
3125 5260
3126 5261
3127 5262
3128 5263
3129 5264
3130 5265
3131 5266
3133 5268
3134 5269
3135 5270
3136 5271
3137 5272
3138 5273
3139 5274
3140 5275
3141 5276
3142 5277
3143 5278
3144 5279
3145 5280
3146 5281
3147 5282
3148 5283
3149 5284
3150 5285
3151 5286
3152 5287
3153 5288
3154 5289
3155 5290
3156 5291
3157 5292
3158 5293
3159 5294
3160 5295
3161 5296
3162 5297
3163 5298
3164 5299
3165 5300
3166 5301
3167 5302
3168 5303
3169 5304
3170 5305
3171 5306
3172 5307
3173 5308
3174 5309
3175 5310
3176 5311
3177 5312
3178 5313
3179 5314
3180 5315
3181 5316
3182 5317
3183 5318
3184 5319
3185 5320
3186 5321
3187 5322
3188 5323
3189 5324
3190 5325
3191 5326
3192 5327
3194 5329
3195 5330
3196 5331
3197 5332
3198 5333
3199 5334
3200 5335
3201 5336
3202 5337
3203 5338
3204 5339
3205 5340
3206 5341
3207 5342
3208 5343
3209 5344
3210 5345
3211 5346
3212 5347
3213 5348
3214 5349
3215 5350
3216 5351
3217 5352
3218 5353
3219 5354
3220 5355
3221 5356
3222 5357
3223 5358
3224 5359
3225 5360
3226 5361
3227 5362
3228 5363
3229 5364
3230 5365
3231 5366
3232 5367
3233 5368
3234 5369
3235 5370
3236 5371
3237 5372
3238 5373
3239 5374
3240 5375
3241 5376
3242 5377
3243 5378
3244 5379
3245 5380
3246 5381
3247 5382
3248 5383
3249 5384
3250 5385
3251 5386
3252 5387
3253 5388
3255 5390
3256 5391
3257 5392
3258 5393
3259 5394
3260 5395
3261 5396
3262 5397
3263 5398
3264 5399
3265 5400
3266 5401
3267 5402
3268 5403
3269 5404
3270 5405
3271 5406
3272 5407
3273 5408
3274 5409
3275 5410
3276 5411
3277 5412
3278 5413
3279 5414
3280 5415
3281 5416
3282 5417
3283 5418
3284 5419
3285 5420
3286 5421
3287 5422
3288 5423
3289 5424
3290 5425
3291 5426
3292 5427
3293 5428
3294 5429
3295 5430
3296 5431
3297 5432
3298 5433
3299 5434
3300 5435
3301 5436
3302 5437
3303 5438
3304 5439
3305 5440
3306 5441
3307 5442
3308 5443
3309 5444
3310 5445
3311 5446
3312 5447
3313 5448
3314 5449
3316 5451
3317 5452
3318 5453
3319 5454
3320 5455
3321 5456
3322 5457
3323 5458
3324 5459
3325 5460
3326 5461
3327 5462
3328 5463
3329 5464
3330 5465
3331 5466
3332 5467
3333 5468
3334 5469
3335 5470
3336 5471
3337 5472
3338 5473
3339 5474
3340 5475
3341 5476
3342 5477
3343 5478
3344 5479
3345 5480
3346 5481
3347 5482
3348 5483
3349 5484
3350 5485
3351 5486
3352 5487
3353 5488
3354 5489
3355 5490
3356 5491
3357 5492
3358 5493
3359 5494
3360 5495
3361 5496
3362 5497
3363 5498
3364 5499
3365 5500
3366 5501
3367 5502
3368 5503
3369 5504
3370 5505
3371 5506
3372 5507
3373 5508
3374 5509
3375 5510
3377 5512
3378 5513
3379 5514
3380 5515
