3481 5616
3482 5617
3483 5618
3484 5619
3485 5620
3486 5621
3487 5622
3488 5623
3489 5624
3490 5625
3491 5626
3492 5627
3493 5628
3494 5629
3495 5630
3496 5631
3497 5632
3499 5634
3500 5635
3501 5636
3502 5637
3503 5638
3504 5639
3505 5640
3506 5641
3507 5642
3508 5643
3509 5644
3510 5645
3511 5646
3512 5647
3513 5648
3514 5649
3515 5650
3516 5651
3517 5652
3518 5653
3519 5654
3520 5655
3521 5656
3522 5657
3523 5658
3524 5659
3525 5660
3526 5661
3527 5662
3528 5663
3529 5664
3530 5665
3531 5666
3532 5667
3533 5668
3534 5669
3535 5670
3536 5671
3537 5672
3538 5673
3539 5674
3540 5675
3541 5676
3542 5677
3543 5678
3544 5679
3545 5680
3546 5681
3547 5682
3548 5683
3549 5684
3550 5685
3551 5686
3552 5687
3553 5688
3554 5689
3555 5690
3556 5691
3557 5692
3558 5693
3560 5695
3561 5696
3562 5697
3563 5698
3564 5699
3565 5700
3566 5701
3567 5702
3568 5703
3569 5704
3570 5705
3571 5706
3572 5707
3573 5708
3574 5709
3575 5710
3576 5711
3577 5712
3578 5713
3579 5714
3580 5715
3581 5716
3582 5717
3583 5718
3584 5719
3585 5720
3586 5721
3587 5722
3588 5723
3589 5724
3590 5725
3591 5726
3592 5727
3593 5728
3594 5729
3595 5730
3596 5731
3597 5732
3598 5733
3599 5734
