2660 4795
2661 4796
2662 4797
2663 4798
2664 4799
2665 4800
2666 4801
2667 4802
2668 4803
2669 4804
2670 4805
2671 4806
2672 4807
2673 4808
2674 4809
2675 4810
2676 4811
2677 4812
2678 4813
2679 4814
2680 4815
2681 4816
2682 4817
2683 4818
2684 4819
2685 4820
2686 4821
2687 4822
2688 4823
2689 4824
2690 4825
2691 4826
2692 4827
2693 4828
2694 4829
2695 4830
2696 4831
2697 4832
2698 4833
2699 4834
2700 4835
2701 4836
2702 4837
2703 4838
2704 4839
2706 4841
2707 4842
2708 4843
2709 4844
2710 4845
2711 4846
2712 4847
2713 4848
2714 4849
2715 4850
2716 4851
2717 4852
2718 4853
2719 4854
2720 4855
2721 4856
2722 4857
2723 4858
2724 4859
2725 4860
2726 4861
2727 4862
2728 4863
2729 4864
2730 4865
2731 4866
2732 4867
2733 4868
2734 4869
2735 4870
2736 4871
2737 4872
2738 4873
2739 4874
2740 4875
2741 4876
2742 4877
2743 4878
2744 4879
2745 4880
2746 4881
2747 4882
2748 4883
2749 4884
2750 4885
2751 4886
2752 4887
2753 4888
2754 4889
2755 4890
2756 4891
2757 4892
2758 4893
2759 4894
2760 4895
2761 4896
2762 4897
2763 4898
2764 4899
2765 4900
2767 4902
2768 4903
2769 4904
2770 4905
2771 4906
2772 4907
2773 4908
2774 4909
2775 4910
2776 4911
2777 4912
2778 4913
2779 4914
2780 4915
2781 4916
2782 4917
2783 4918
2784 4919
2785 4920
2786 4921
2787 4922
2788 4923
2789 4924
2790 4925
2791 4926
2792 4927
2793 4928
2794 4929
2795 4930
2796 4931
2797 4932
2798 4933
2799 4934
2800 4935
2801 4936
2802 4937
2803 4938
2804 4939
2805 4940
2806 4941
2807 4942
2808 4943
2809 4944
2810 4945
2811 4946
2812 4947
2813 4948
2814 4949
2815 4950
2816 4951
2817 4952
2818 4953
2819 4954
2820 4955
2821 4956
2822 4957
2823 4958
2824 4959
2825 4960
2826 4961
2828 4963
2829 4964
2830 4965
2831 4966
2832 4967
2833 4968
2834 4969
2835 4970
2836 4971
2837 4972
2838 4973
2839 4974
2840 4975
2841 4976
2842 4977
2843 4978
2844 4979
2845 4980
2846 4981
2847 4982
2848 4983
2849 4984
2850 4985
2851 4986
2852 4987
2853 4988
2854 4989
2855 4990
2856 4991
2857 4992
2858 4993
2859 4994
2860 4995
2861 4996
2862 4997
2863 4998
2864 4999
2865 5000
2866 5001
2867 5002
2868 5003
2869 5004
2870 5005
2871 5006
2872 5007
2873 5008
2874 5009
2875 5010
2876 5011
2877 5012
2878 5013
2879 5014
2880 5015
2881 5016
2882 5017
2883 5018
2884 5019
2885 5020
2886 5021
2887 5022
2889 5024
2890 5025
2891 5026
2892 5027
2893 5028
2894 5029
2895 5030
2896 5031
2897 5032
2898 5033
2899 5034
2900 5035
2901 5036
2902 5037
2903 5038
2904 5039
2905 5040
2906 5041
2907 5042
2908 5043
2909 5044
2910 5045
2911 5046
2912 5047
2913 5048
2914 5049
2915 5050
2916 5051
2917 5052
2918 5053
2919 5054
2920 5055
2921 5056
2922 5057
2923 5058
2924 5059
2925 5060
2926 5061
2927 5062
2928 5063
2929 5064
2930 5065
2931 5066
2932 5067
2933 5068
2934 5069
2935 5070
2936 5071
2937 5072
2938 5073
2939 5074
2940 5075
2941 5076
2942 5077
2943 5078
2944 5079
2945 5080
2946 5081
2947 5082
2948 5083
2950 5085
2951 5086
2952 5087
2953 5088
2954 5089
2955 5090
2956 5091
2957 5092
2958 5093
2959 5094
2960 5095
2961 5096
2962 5097
2963 5098
2964 5099
2965 5100
2966 5101
2967 5102
2968 5103
2969 5104
2970 5105
2971 5106
2972 5107
2973 5108
2974 5109
2975 5110
2976 5111
2977 5112
2978 5113
2979 5114
2980 5115
2981 5116
2982 5117
2983 5118
2984 5119
2985 5120
2986 5121
2987 5122
2988 5123
2989 5124
2990 5125
2991 5126
2992 5127
2993 5128
2994 5129
2995 5130
2996 5131
2997 5132
2998 5133
2999 5134
3000 5135
3001 5136
3002 5137
3003 5138
3004 5139
3005 5140
3006 5141
3007 5142
3008 5143
3009 5144
3011 5146
3012 5147
3013 5148
3014 5149
3015 5150
3016 5151
3017 5152
3018 5153
3019 5154
3020 5155
