3381 5516
3382 5517
3383 5518
3384 5519
3385 5520
3386 5521
3387 5522
3388 5523
3389 5524
3390 5525
3391 5526
3392 5527
3393 5528
3394 5529
3395 5530
3396 5531
3397 5532
3398 5533
3399 5534
3400 5535
3401 5536
3402 5537
3403 5538
3404 5539
3405 5540
3406 5541
3407 5542
3408 5543
3409 5544
3410 5545
3411 5546
3412 5547
3413 5548
3414 5549
3415 5550
3416 5551
3417 5552
3418 5553
3419 5554
3420 5555
3421 5556
3422 5557
3423 5558
3424 5559
3425 5560
3426 5561
3427 5562
3428 5563
3429 5564
3430 5565
3431 5566
3432 5567
3433 5568
3434 5569
3435 5570
3436 5571
3438 5573
3439 5574
3440 5575
3441 5576
3442 5577
3443 5578
3444 5579
3445 5580
3446 5581
3447 5582
3448 5583
3449 5584
3450 5585
3451 5586
3452 5587
3453 5588
3454 5589
3455 5590
3456 5591
3457 5592
3458 5593
3459 5594
3460 5595
3461 5596
3462 5597
3463 5598
3464 5599
3465 5600
3466 5601
3467 5602
3468 5603
3469 5604
3470 5605
3471 5606
3472 5607
3473 5608
3474 5609
3475 5610
3476 5611
3477 5612
3478 5613
3479 5614
3480 5615
