2531	4653
2532	4654
2533	4655
2534	4656
2535	4657
2536	4658
2537	4659
2538	4660
2539	4661
2540	4662
2541	4663
2542	4664
2543	4665
2544	4666
2545	4667
2546	4668
2547	4669
2548	4670
2549	4671
2550	4672
2551	4673
2552	4674
2553	4675
2554	4676
2555	4677
2556	4678
2557	4679
2558	4680
2559	4681
2560	4682
2561	4683
2562	4684
2563	4685
2564	4686
2565	4687
2566	4688
2567	4689
2568	4690
2569	4691
2570	4692
2571	4693
2572	4694
2573	4695
2574	4696
2575	4697
2576	4698
2577	4700
2578	4701
2579	4702
2580	4703
2581	4704
2582	4705
2583	4706
2584	4707
2585	4708
