2300 4435
2301 4436
2302 4437
2303 4438
2304 4439
2305 4440
2306 4441
2307 4442
2308 4443
2309 4444
2310 4445
2311 4446
2312 4447
2313 4448
2314 4449
2315 4450
2316 4451
2317 4452
2318 4453
2319 4454
2320 4455
2321 4456
2322 4457
2323 4458
2324 4459
2325 4460
2326 4461
2327 4462
2340 4475
2341 4476
2342 4477
2343 4478
2344 4479
2345 4480
2346 4481
2347 4482
2348 4483
2349 4484
2350 4485
2351 4486
2352 4487
2353 4488
2354 4489
2355 4490
2356 4491
2357 4492
2358 4493
2359 4494
2360 4495
2361 4496
2362 4497
2363 4498
2364 4499
2365 4500
2366 4501
2367 4502
2368 4503
2369 4504
2370 4505
2371 4506
2372 4507
2373 4508
2374 4509
2375 4510
2376 4511
2377 4512
2378 4513
2379 4514
2380 4515
2381 4516
2382 4517
2383 4518
2384 4519
2385 4520
2386 4521
2387 4522
2388 4523
2389 4524
2390 4525
2391 4526
2392 4527
2393 4528
2394 4529
2395 4530
2396 4531
2397 4532
2398 4533
2399 4534
2401 4536
2402 4537
2403 4538
2404 4539
2405 4540
2406 4541
2407 4542
2408 4543
2409 4544
2410 4545
2411 4546
2412 4547
2413 4548
2414 4549
2415 4550
2416 4551
2417 4552
2418 4553
2419 4554
2420 4555
2421 4556
2422 4557
2423 4558
2424 4559
2425 4560
2426 4561
2427 4562
2428 4563
2429 4564
2430 4565
2431 4566
2432 4567
2433 4568
2434 4569
2435 4570
2436 4571
2437 4572
2438 4573
2439 4574
2440 4575
2441 4576
2442 4577
2443 4578
2444 4579
2445 4580
2446 4581
2447 4582
2448 4583
2449 4584
2450 4585
2451 4586
2452 4587
2453 4588
2454 4589
2455 4590
2456 4591
2457 4592
2458 4593
2459 4594
2460 4595
2462 4597
2463 4598
2464 4599
2465 4600
2466 4601
2467 4602
2468 4603
2469 4604
2470 4605
2471 4606
2472 4607
2473 4608
2474 4609
2475 4610
2476 4611
2477 4612
2478 4613
2479 4614
2480 4615
2481 4616
2482 4617
2483 4618
2484 4619
2485 4620
2486 4621
2487 4622
2488 4623
2489 4624
2490 4625
2491 4626
2492 4627
2493 4628
2494 4629
2495 4630
2496 4631
2497 4632
2498 4633
2499 4634
2500 4635
2501 4636
2502 4637
2503 4638
2504 4639
2505 4640
2506 4641
2507 4642
2508 4643
2509 4644
2510 4645
2511 4646
2512 4647
2513 4648
2514 4649
2515 4650
2516 4651
2517 4652
2518 4653
2519 4654
2520 4655
2521 4656
2523 4658
2524 4659
2525 4660
2526 4661
2527 4662
2528 4663
2529 4664
2530 4665
2531 4666
2532 4667
2533 4668
2534 4669
2535 4670
2536 4671
2537 4672
2538 4673
2539 4674
2540 4675
2541 4676
2542 4677
2543 4678
2544 4679
2545 4680
2546 4681
2547 4682
2548 4683
2549 4684
2550 4685
2551 4686
2552 4687
2553 4688
2554 4689
2555 4690
2556 4691
2557 4692
2558 4693
2559 4694
2560 4695
2561 4696
2562 4697
2563 4698
2564 4699
2565 4700
2566 4701
2567 4702
2568 4703
2569 4704
2570 4705
2571 4706
2572 4707
2573 4708
2574 4709
2575 4710
2576 4711
2577 4712
2578 4713
2579 4714
2580 4715
2581 4716
2582 4717
2584 4719
2585 4720
2586 4721
2587 4722
2588 4723
2589 4724
2590 4725
2591 4726
2592 4727
2593 4728
2594 4729
2595 4730
2596 4731
2597 4732
2598 4733
2599 4734
