3600 5735
3601 5736
3602 5737
3603 5738
3604 5739
3605 5740
3606 5741
3607 5742
3608 5743
3609 5744
3610 5745
3611 5746
3612 5747
3613 5748
3614 5749
3615 5750
3616 5751
3617 5752
3618 5753
3619 5754
3621 5756
3643 5778
3644 5779
3645 5780
3646 5781
3647 5782
3648 5783
3649 5784
3650 5785
3651 5786
3652 5787
3653 5788
3654 5789
3655 5790
3656 5791
3657 5792
3658 5793
3659 5794
3660 5795
3661 5796
3662 5797
3663 5798
3664 5799
3665 5800
3666 5801
3667 5802
3668 5803
3669 5804
3670 5805
3671 5806
3672 5807
3673 5808
3674 5809
3675 5810
3676 5811
3677 5812
3678 5813
3679 5814
3680 5815
3682 5817
3683 5818
3684 5819
3685 5820
3686 5821
3687 5822
3688 5823
3725 5860
3726 5861
3727 5862
3728 5863
3729 5864
3730 5865
3731 5866
3732 5867
3733 5868
3734 5869
3735 5870
3736 5871
3737 5872
3738 5873
3739 5874
3740 5875
3741 5876
3743 5878
3744 5879
3745 5880
3746 5881
3747 5882
3748 5883
3749 5884
3786 5921
3787 5922
3788 5923
3789 5924
3790 5925
3791 5926
